0.000000 0.000000 0.000000
0.785366 0.006168 0.015708
1.570538 0.024672 0.031416
2.355323 0.055506 0.047124
3.139526 0.098664 0.062832
3.922955 0.154133 0.078540
4.705416 0.221902 0.094248
5.486716 0.301952 0.109956
6.266662 0.394265 0.125664
7.045062 0.498817 0.141372
7.821723 0.615583 0.157080
8.596455 0.744534 0.172788
9.369066 0.885637 0.188496
10.139365 1.038859 0.204204
10.907162 1.204162 0.219911
11.672268 1.381504 0.235619
12.434494 1.570842 0.251327
13.193652 1.772129 0.267035
13.949555 1.985316 0.282743
14.702016 2.210349 0.298451
15.450850 2.447174 0.314159
16.195871 2.695732 0.329867
16.936896 2.955962 0.345575
17.673742 3.227798 0.361283
18.406228 3.511176 0.376991
19.134172 3.806023 0.392699
19.857395 4.112269 0.408407
20.575718 4.429836 0.424115
21.288965 4.758647 0.439823
21.996958 5.098621 0.455531
22.699525 5.449674 0.471239
23.396491 5.811718 0.486947
24.087684 6.184666 0.502655
24.772933 6.568424 0.518363
25.452071 6.962899 0.534071
26.124928 7.367992 0.549779
26.791340 7.783604 0.565487
27.451141 8.209632 0.581195
28.104169 8.645971 0.596903
28.750263 9.092514 0.612611
29.389263 9.549150 0.628319
30.021011 10.015767 0.644026
30.645353 10.492249 0.659734
31.262133 10.978480 0.675442
31.871199 11.474338 0.691150
32.472402 11.979702 0.706858
33.065593 12.494447 0.722566
33.650626 13.018445 0.738274
34.227355 13.551569 0.753982
34.795640 14.093685 0.769690
35.355339 14.644661 0.785398
35.906315 15.204360 0.801106
36.448431 15.772645 0.816814
36.981555 16.349374 0.832522
37.505553 16.934407 0.848230
38.020298 17.527598 0.863938
38.525662 18.128801 0.879646
39.021520 18.737867 0.895354
39.507751 19.354647 0.911062
39.984233 19.978989 0.926770
40.450850 20.610737 0.942478
40.907486 21.249737 0.958186
41.354029 21.895831 0.973894
41.790368 22.548859 0.989602
42.216396 23.208660 1.005310
42.632008 23.875072 1.021018
43.037101 24.547929 1.036726
43.431576 25.227067 1.052434
43.815334 25.912316 1.068142
44.188282 26.603509 1.083849
44.550326 27.300475 1.099557
44.901379 28.003042 1.115265
45.241353 28.711035 1.130973
45.570164 29.424282 1.146681
45.887731 30.142605 1.162389
46.193977 30.865828 1.178097
46.488824 31.593772 1.193805
46.772202 32.326258 1.209513
47.044038 33.063104 1.225221
47.304268 33.804129 1.240929
47.552826 34.549150 1.256637
47.789651 35.297984 1.272345
48.014684 36.050445 1.288053
48.227871 36.806348 1.303761
48.429158 37.565506 1.319469
48.618496 38.327732 1.335177
48.795838 39.092838 1.350885
48.961141 39.860635 1.366593
49.114363 40.630934 1.382301
49.255466 41.403545 1.398009
49.384417 42.178277 1.413717
49.501183 42.954938 1.429425
49.605735 43.733338 1.445133
49.698048 44.513284 1.460841
49.778098 45.294584 1.476549
49.845867 46.077045 1.492257
49.901336 46.860474 1.507964
49.944494 47.644677 1.523672
49.975328 48.429462 1.539380
49.993832 49.214634 1.555088
50.000000 50.000000 1.570796
